"Nr.dato","Fecha","Ambiental","M.Agua.1","M.Agua.2","M.Agua.3","Paja.1","Paja.2","Paja.3","T.Tunel.1","T.Tunel.2","T.Tunel.3","Walipini.1","Walipini.2","Walipini.3"
1,18-Jun  0,5,4,4,3,3,3,5,4,3,6,7,7
2,19-Jun,-3,5,5,5,2,3,3,4,4,4,5,7,6
3,20-Jun,-4.5,4,3,5,2,2,2,2,2,2,5,3,5
4,21-Jun,-10.5,0,-1,-1,-2,-3,-2,-1,-1,0,4,3,5
5,22-Jun,-8.4,1,1,1,-1,-1,-1,1,0,0,4,4,5
6,23-Jun,-6.5,2,0,1,-1,-1,-3,1,0,1,4,4,4
7,24-Jun,-5,1,-1,1,-2,-2,-2,0,-1,-1,4,5,2
8,25-Jun,-1.4,2,2,2,1,1,2,1,1,1,8,8,8
9,26-Jun,-3,1,1,2,-3,-2,-2,-1,0,0,5,5,3
10,27-Jun,-4.1,2,1,0,-3,-1,-2,-1,1,0,5,5,4
11,28-Jun,-3.1,2,2,1,0,1,0,1,1,0,5,6,3
12,29-Jun,-7,4,4,3,3,4,3,7,7,6,10,10,11
13,30-Jun,-5,3,4,3,1,0,0,0,0,0,4,4,4
14,1-Jul,-4,3,3,3,1,0,1,0,0,0,6,6,5
15,2-Jul,-3,5,5,3,1,5,1,3,3,3,5,7,6
16,3-Jul,-4.3,6,2,3,1,1,1,2,2,3,6,4,5
17,4-Jul,-2,7,3,4,1,2,1,5,5,5,6,8,8
18,5-Jul,1.5,5,5,5,4,5,4,5,4,4,8,9,7
19,6-Jul,-2.5,1,1,1,0,0,1,1,1,1,2,4,3
20,7-Jul,-6.5,1,1,0,1,1,-1,0,1,0,5,6,6
21,8-Jul,-9.2,1,-1,-1,-3,-2,-3,0,0,-1,3,5,2
22,9-Jul,-5,3,3,3,0,-1,0,2,1,1,4,4,4
23,10-Jul,-9.5,-1,2,-2,-4,1,-4,1,1,-1,3,6,4
24,11-Jul,-4.5,1,2,-1,-3,-1,-4,0,1,0,4,5,3
25,12-Jul,-5.2,3,2,2,-1,2,0,2,2,1,6,7,5
26,13-Jul,-4,3,3,4,-1,-1,-1,1,0,1,5,5,5
27,14-Jul,-3.5,4,4,1,-2,-1,-1,1,1,1,6,6,6
28,15-Jul,-7.5,1,2,1,0,2,0,0,0,0,6,6,5
29,16-Jul,-7.4,0,1,2,-1,0,-2,2,0,0,5,5,3
30,17-Jul,-7.5,1,1,1,-1,0,-1,0,0,0,6,5,3
31,18-Jul,-5.4,1,2,2,0,0,1,1,4,1,5,6,4
32,19-Jul,-11,1,1,1,-2,0,-2,0,0,-1,5,6,3
33,20-Jul,-7.9,0,0,1,0,-1,0,0,0,0,4,4,3
34,21-Jul,-12,1,1,1,-4,-1,-4,0,0,-1,2,4,3
35,22-Jul,-11.5,-1,-1,0,-2,-3,-3,-2,-1,-1,3,3,3
36,23-Jul,-5,3,2,3,0,0,0,1,1,1,5,5,5
37,24-Jul,-9.8,0,-1,0,-4,-4,-3,0,0,0,5,6,5
38,25-Jul,-6,2,1,1,1,0,0,2,2,2,6,6,6
39,26-Jul,-11.5,0,0,0,-2,-2,-1,-2,-2,-2,3,3,4
40,27-Jul,-7.5,2,2,2,3,0,-5,1,0,0,4,6,5
41,28-Jul,-7.8,2,-1,1,-4,-2,-4,1,0,-3,3,5,3
42,29-Jul,-0.5,1,0,0,-3,-2,-4,-1,-2,-2,2,5,3
43,30-Jul,-6,3,4,3,1,0,1,2,2,2,6,6,5
44,31-Jul,-5,2,1,2,-3,-3,-2,0,0,0,3,4,4
45,1-Ago,-5,5,4,4,2,2,0,-1,2,1,7,7,5
46,2-Ago,-6.4,5,3,2,1,2,0,4,1,2,5,6,5
47,3-Ago,-6.4,6,5,7,4,5,5,4,5,5,8,8,8
48,4-Ago,-6.9,2,3,2,1,2,1,2,1,2,6,6,6
49,5-Ago,-5.5,2,2,2,1,1,1,-1,-1,-1,6,6,6
50,6-Ago,-4.6,3,3,3,1,0,0,0,0,0,6,6,6
51,7-Ago,-5.5,2,2,3,1,1,1,-1,0,0,6,6,7
52,8-Ago,-2.5,5,6,6,2,2,1,2,2,2,8,7,7
53,9-Ago,-6.9,1,1,1,3,1,2,1,1,1,5,5,5
54,10-Ago,-13.5,-3,-4,-3,-6,-7,-6,-4,-4,-3,1,2,1
55,11-Ago,-9.3,-2,0,2,-3,-1,-3,1,0,-1,5,4,5
56,12-Ago,-8,1,1,0,-3,-2,-3,0,0,-1,5,5,5
57,13-Ago,-8,1,0.0,-2,-2,-1,-2,-1,1,-1,4,3,4
58,14-Ago,NA,3,2,3,1,1,1,0,2,2,5,6,5
59,15-Ago,-3.4,3,2,3,1,2,1,2,2,2,5,5,6
60,16-Ago,-3.6,3,3,3,1,0,1,3,3,3,5,5,5
61,17-Ago,-4.5,3,2,2,0,1,1,3,2,1,5,5,2
62,18-Ago,-4.6,4,2,3,0,2,0,4,3,2,5,5,5
63,19-Ago,-4.5,2,2,3,1,2,1,4,3,2,5,6,7
64,20-Ago,-2.5,5,4,5,5,5,5,3,3,3,8,8,2
65,21-Ago,-3,2,3,2,0,6,5,7,2,2,10,5,7
66,22-Ago,-4.5,4,4,3,1,2,2,4,3,3,8,7,6
67,23-Ago,-7.5,4,6,4,3,2,5,5,5,5,8,9,8
68,24-Ago,-5.2,3,3,2,1,2,1,0,2,2,6,6,6
69,25-Ago,-4.5,5,3,2,1,2,0,2,5,6,5,6,5
70,26-Ago,-5,2,3,2,1,2,1,-1,1,2,5,6,6
71,27-Ago,-6,3,3,3,4,4,6,4,2,3,4,6,5
72,28-Ago,-1.5,6,4,3,4,3,2,6,5,7,6,7,7
73,29-Ago,0,6,4,5,5,5,5,5,3,6,6,7,5
74,30-Ago,-1.4,3,3,3,3,3,5,3,2,3,9,7,5
75,31-Ago,0.5,4,3,3,4,3,4,3,2,3,8,6,5
76,1-Sep,-2,6,5,5,NA,5,5,5,5,5,8,7,7
77,2-Sep,0,3,4,3,NA,4,5,3,2,4,7,6,5
78,3-Sep,-4,4,5,5,4,4,5,2,2,2,6,6,6
79,4-Sep,-1,3,3,4,NA,3,2,6,5,6,6,7,6
80,5-Sep,0.5,3,3,3,NA,3,5,3,2,2,6,6,5
81,6-Sep,-3.8,2,3,3,NA,2,3,3,2,3,6,6,4
